0  0  5    0 1 1 0 0 1 1 0 0 
6  1  5    1 0 0 0 1 1 1 0 0 
7  2  5    0 0 0 1 0 1 0 0 0 
9  3  6    0 1 0 0 1 0 0 1 0 
10  4  6    1 0 1 0 0 0 0 1 0 
10  4  6    0 1 0 0 0 0 1 0 1 
10  5  5    0 1 1 1 0 0 0 1 0 
11  6  5    0 0 0 1 0 1 0 1 0 
12  7  5    0 1 0 0 1 0 0 0 0 
13  8  5    0 1 0 0 0 0 1 1 1 
15  9  6    0 1 0 1 0 0 0 0 1 
15  9  6    0 1 0 0 0 1 1 0 0 
15  10  5    0 0 1 1 0 1 0 0 1 
17  11  6    0 0 1 1 0 0 0 1 0 
17  12  5    1 1 1 0 0 0 0 1 0 
19  13  6    1 0 0 0 0 1 0 1 0 
18  13  5    0 0 0 0 1 0 0 1 0 
19  14  5    0 1 0 1 0 1 0 0 0 
20  15  5    1 0 0 0 0 1 0 0 0 
21  16  5    0 0 0 1 1 1 1 0 0 
22  17  5    0 1 0 0 0 0 1 1 0 
23  18  5    0 1 0 0 1 0 0 0 1 
24  19  5    0 1 0 0 1 1 0 1 0 
25  20  5    1 0 1 0 0 1 0 1 0 
26  21  5    1 1 0 0 0 0 0 1 0 
27  22  5    1 0 0 1 1 1 0 0 0 
28  23  5    0 1 0 0 1 1 0 0 0 
29  24  5    0 1 0 0 1 0 0 1 1 
30  25  5    1 0 1 0 0 0 0 1 1 
31  26  5    1 0 0 0 1 1 0 1 0 
32  27  5    1 0 0 0 0 1 1 0 1 
33  28  5    0 0 0 1 1 1 0 0 1 
34  29  5    0 1 0 0 0 0 0 1 1 
35  30  5    0 1 0 1 0 0 1 0 1 
36  31  5    0 1 0 1 1 0 0 1 0 
37  32  5    1 0 0 0 1 0 0 1 0 
38  33  5    0 1 1 0 0 0 0 1 0 
39  34  5    0 0 1 1 1 1 0 0 0 
40  35  5    0 1 0 1 1 0 0 0 0 
41  36  5    0 1 0 0 1 0 1 1 0 
42  37  5    1 0 1 0 0 0 1 1 0 
43  38  5    0 0 1 1 1 0 0 1 0 
43  39  4    0 0 1 0 1 0 1 0 0 
45  40  5    0 1 0 0 1 1 1 0 0 
46  41  5    0 1 1 0 0 0 1 0 1 
47  42  5    0 1 1 0 1 0 0 1 0 
48  43  5    1 0 0 0 0 0 0 1 0 
49  44  5    0 1 0 1 0 0 0 1 0 
50  45  5    0 0 1 1 0 1 0 1 0 
52  46  6    0 0 1 1 0 0 0 0 1 
53  47  6    0 0 0 1 1 1 0 0 0 
54  48  6    1 0 0 0 0 1 1 0 0 
54  49  5    0 1 0 1 0 1 1 0 0 
55  50  5    0 0 1 1 0 0 1 0 0 
56  51  5    0 0 1 0 0 0 0 1 0 
57  52  5    1 1 0 0 1 0 0 1 0 
58  53  5    1 0 0 1 0 1 0 0 0 
59  54  5    0 0 0 0 1 1 1 0 0 
60  55  5    0 0 0 1 1 1 0 1 0 
61  56  5    0 0 1 1 0 0 0 1 1 
61  56  5    0 0 0 1 1 0 0 0 1 
61  57  4    1 1 1 0 0 0 0 1 1 
62  58  4    0 0 0 0 1 0 0 1 1 
63  59  4    0 0 1 0 0 1 0 1 0 
65  60  5    0 0 1 1 0 1 1 0 0 
65  61  4    0 1 0 1 0 0 1 0 0 
66  62  4    1 1 0 0 1 0 0 0 0 
67  63  4    1 1 0 0 0 0 1 1 1 
69  64  5    1 1 0 1 0 0 0 0 1 
69  64  5    1 1 0 0 0 1 1 0 0 
70  65  5    0 1 0 1 1 1 0 0 0 
71  66  5    1 0 0 0 1 1 0 0 0 
71  66  5    0 0 1 1 1 0 0 0 0 
71  66  5    0 1 1 1 0 0 0 0 1 
71  67  4    1 0 0 0 0 1 1 1 1 
73  68  5    1 0 0 1 0 1 0 0 1 
73  69  4    0 1 0 0 0 1 0 0 1 
73  69  4    0 0 0 0 1 1 1 0 1 
73  69  4    1 1 0 0 1 0 0 1 1 
73  69  4    1 0 1 1 1 0 0 0 0 
73  69  4    1 0 0 1 0 0 0 1 0 
73  70  3    1 0 1 0 1 1 0 0 1 
76  71  5    1 0 1 0 1 0 0 1 0 
77  72  5    0 0 1 1 0 0 1 1 0 
77  73  4    1 1 1 0 0 0 1 1 0 
77  74  3    1 1 1 0 1 0 0 0 1 
79  75  4    0 1 1 1 0 0 1 0 1 
78  75  3    1 0 1 1 0 1 0 1 1 
80  76  4    1 1 0 1 0 0 0 1 1 
80  77  3    0 0 0 0 0 0 0 1 1 
82  78  4    0 0 0 1 0 0 1 0 1 
83  79  4    0 0 1 1 1 1 1 0 0 
85  80  5    0 1 1 0 0 0 1 1 0 
85  81  4    1 0 1 1 0 0 1 1 0 
85  81  4    1 0 0 0 1 0 1 1 0 
85  81  4    0 1 1 0 1 0 0 0 1 
85  81  4    0 1 1 0 0 1 1 0 1 
85  82  3    1 0 1 1 0 1 1 0 1 
86  83  3    0 1 0 1 1 1 1 0 1 
87  84  3    0 0 0 0 0 0 1 1 1 
89  85  4    0 0 0 0 1 0 0 0 0 
86  83  3    1 0 1 1 1 1 0 1 0 
85  83  2    1 1 1 0 1 0 1 1 1 
84  80  4    0 0 1 1 0 1 0 1 1 
84  81  3    1 1 1 1 1 0 0 1 0 
85  82  3    1 1 0 1 0 1 0 1 1 
87  83  4    1 0 1 1 0 0 0 1 1 
87  83  4    1 1 0 0 0 1 1 0 1 
86  84  2    1 1 1 0 1 1 0 0 1 
88  85  3    0 0 0 0 0 1 0 0 1 
90  86  4    1 1 0 1 0 1 0 0 1 
90  87  3    1 1 0 0 0 1 1 1 1 
92  88  4    1 0 1 0 0 0 1 1 1 
92  89  3    0 1 1 1 0 0 1 1 1 
94  90  4    0 1 1 1 0 1 1 0 0 
94  91  3    0 0 0 1 0 0 1 0 0 
90  89  1    1 1 1 1 1 1 1 0 1 
89  87  2    1 1 0 1 1 1 1 1 0 
92  88  4    0 0 1 1 0 1 1 1 0 
92  89  3    0 0 1 0 0 1 0 0 0 
94  90  4    0 0 0 0 1 0 0 0 1 
94  91  3    0 0 0 0 0 0 1 1 0 
90  88  2    1 1 1 1 0 0 1 1 1 
88  85  3    1 1 0 0 0 0 0 0 0 
89  86  3    1 1 0 0 1 0 1 1 1 
91  87  4    1 0 0 1 0 1 1 0 1 
88  85  3    1 1 1 0 0 1 1 1 0 
89  86  3    0 1 1 1 1 1 0 1 0 
85  85  0    1 1 1 1 1 1 1 1 1 
83  80  3    1 1 1 0 1 1 1 0 0 
85  81  4    1 0 0 0 1 0 1 0 0 
83  81  2    1 1 0 1 1 1 0 1 1 
85  82  3    1 0 1 1 1 0 0 1 1 
85  82  3    1 1 0 0 1 1 1 0 1 
83  81  2    1 0 1 0 1 1 1 1 1 
83  82  1    0 1 1 1 1 1 1 1 1 
82  78  4    0 0 0 0 1 0 1 0 0 
82  79  3    0 1 1 1 0 1 1 0 1 
82  79  3    0 1 0 0 1 1 1 1 1 
82  79  3    1 0 0 1 0 0 0 0 0 
81  78  3    1 1 1 0 1 0 0 1 1 
81  79  2    1 1 1 1 1 0 1 0 1 
81  80  1    1 1 1 1 1 1 1 1 0 
80  78  2    1 0 0 1 1 0 1 1 1 
82  79  3    1 0 1 1 0 1 1 1 0 
76  74  2    1 1 0 0 1 1 1 1 1 
79  75  4    1 1 0 0 1 0 1 0 0 
81  76  5    1 1 0 0 0 0 0 1 1 
81  77  4    0 0 1 0 1 0 0 1 1 
81  77  4    1 0 0 1 1 1 0 0 1 
80  78  2    1 1 1 1 1 0 0 1 1 
82  79  3    1 0 0 1 1 1 0 1 1 
85  80  5    1 1 0 0 0 0 0 0 1 
85  81  4    0 0 1 0 1 0 0 0 1 
87  82  5    0 0 1 0 0 0 1 1 0 
83  80  3    0 0 0 0 0 1 1 1 1 
83  81  2    1 1 0 1 0 1 1 1 1 
82  81  1    1 1 1 0 1 1 1 1 1 
76  75  1    1 1 1 1 1 0 1 1 1 
75  71  4    1 0 1 0 0 1 1 1 0 
74  71  3    1 1 1 1 0 0 0 1 1 
75  72  3    0 1 1 0 1 0 1 1 1 
76  73  3    0 1 1 0 0 0 0 0 0 
75  73  2    1 0 1 1 1 0 1 1 1 
75  74  1    1 1 0 1 1 1 1 1 1 
73  70  3    1 1 1 0 0 1 1 0 1 
73  70  3    1 0 1 1 0 0 1 1 1 
73  70  3    1 0 0 1 1 0 1 0 1 
73  71  2    1 0 0 0 0 0 0 0 0 
73  71  2    1 1 1 1 0 1 0 1 1 
73  71  2    1 1 1 0 1 1 1 0 1 
73  72  1    1 1 1 1 1 1 0 1 1 
72  70  2    1 1 0 1 1 1 1 0 1 
72  70  2    1 0 1 1 1 1 0 1 1 
72  71  1    1 0 1 1 1 1 1 1 1 
71  67  4    0 0 1 0 1 0 1 1 0 
71  68  3    1 1 1 0 0 0 1 1 1 
72  69  3    0 1 1 1 1 0 0 1 1 
72  69  3    1 1 0 0 1 1 1 1 0 
71  68  3    1 1 0 1 1 0 1 0 1 
73  69  4    0 0 0 0 1 0 1 0 1 
75  70  5    1 0 0 1 0 0 0 0 1 
71  69  2    1 0 1 1 1 1 1 0 1 
74  70  4    1 0 1 1 0 1 0 1 0 
70  66  4    1 0 1 1 0 1 0 0 0 
70  66  4    0 1 0 0 1 1 1 1 0 
70  67  3    1 1 1 0 1 0 0 0 0 
70  67  3    1 0 0 1 1 1 1 1 0 
69  65  4    1 0 1 1 0 1 0 0 1 
69  65  4    1 1 0 1 0 1 0 1 0 
69  65  4    0 0 1 0 1 1 1 0 0 
69  65  4    1 0 1 0 0 0 1 0 0 
69  66  3    0 0 0 0 0 0 0 1 0 
68  68  0    0 0 0 0 0 0 0 0 0 
