0    0 1 1 0 0 1 1 0 0 
A3   0 0 0 0 0 0 1 0 0 
C3   0 0 0 0 0 1 1 1 1 
C2   0 0 0 0 1 1 0 0 0 
C1   0 0 0 1 1 1 1 1 0 
C3   0 0 0 1 1 0 1 0 1 
B3   0 0 1 1 0 1 1 0 0 
C1   0 0 1 0 0 1 0 1 0 
A3   0 1 0 0 0 0 0 1 0 
B2   0 0 0 1 1 1 0 0 0 
C1   0 0 0 0 1 1 1 1 0 
C2   0 0 0 0 0 1 0 0 1 
C3   0 0 0 0 0 0 0 1 0 
C1   0 0 0 1 0 0 1 0 0 
B3   0 0 1 1 1 1 1 0 1 
C2   0 0 1 1 0 1 0 1 0 
C1   0 0 1 0 0 1 1 0 0 
B1   1 0 1 1 1 1 0 0 0 
A2   0 1 0 1 0 1 0 0 0 
B2   0 0 0 0 1 0 0 1 0 
C2   0 0 0 0 0 0 1 0 1 
C3   0 0 0 0 0 1 1 1 0 
C1   0 0 0 1 0 1 0 0 0 
C2   0 0 0 1 1 1 1 1 1 
B3   0 0 1 1 0 0 1 1 0 
C1   0 0 1 0 0 0 0 0 0 
A3   0 1 0 0 0 1 0 0 0 
B2   0 0 0 1 1 0 0 1 0 
C1   0 0 0 0 1 0 1 0 0 
C2   0 0 0 0 0 0 0 1 1 
C3   0 0 0 0 0 1 0 0 0 
C1   0 0 0 1 0 1 1 1 0 
B3   0 0 1 1 1 0 1 1 1 
C3   0 0 1 1 1 1 1 0 0 
B1   1 0 1 0 0 1 0 0 0 
A2   0 1 0 0 1 1 0 0 0 
C3   0 1 0 0 1 0 0 1 1 
A1   1 0 0 1 1 0 0 1 1 
B1   0 0 0 0 0 0 1 1 1 
C3   0 0 0 0 0 1 1 0 0 
C2   0 0 0 0 1 1 0 1 1 
C1   0 0 0 1 1 1 1 0 1 
C3   0 0 0 1 1 0 1 1 0 
B3   0 0 1 1 0 1 1 1 1 
C1   0 0 1 0 0 1 0 0 1 
A3   0 1 0 0 0 0 0 0 1 
B2   0 0 0 1 1 1 0 1 1 
C1   0 0 0 0 1 1 1 0 1 
C2   0 0 0 0 0 1 0 1 0 
C3   0 0 0 0 0 0 0 0 1 
C1   0 0 0 1 0 0 1 1 1 
B3   0 0 1 1 1 1 1 1 0 
C2   0 0 1 1 0 1 0 0 1 
C1   0 0 1 0 0 1 1 1 1 
B1   1 0 1 1 1 1 0 1 1 
A2   0 1 0 1 0 1 0 1 1 
B2   0 0 0 0 1 0 0 0 1 
C2   0 0 0 0 0 0 1 1 0 
C3   0 0 0 0 0 1 1 0 1 
C1   0 0 0 1 0 1 0 1 1 
C2   0 0 0 1 1 1 1 0 0 
B3   0 0 1 1 0 0 1 0 1 
C1   0 0 1 0 0 0 0 1 1 
A3   0 1 0 0 0 1 0 1 1 
B2   0 0 0 1 1 0 0 0 1 
C1   0 0 0 0 1 0 1 1 1 
C2   0 0 0 0 0 0 0 0 0 
